9466448694364389264
94664926473664694364386364892649426
93642674364243647445426
38966454
486989349826
48698982622646648464
9436438946944664524
4869898262426498484
94364387826937464326
926474264226744
48698982638242
9436498542626
28636328464
326454226724
934782692434
46644664868524744
98623524744
98623543748
96823524744
46649896894264
74348498944
28636328464
7826937464326
74858242986
74858582434
74858926936
5896858
4864336645474243
7265426942642654264
24269486968
342654242526
42638263264826
282426494474364
3228484
4664943643898784376543
86649436428866478
368968426942694
22654736
73646649446364
94664486944926
326448263842443
386943644394
54269436432647826
94644249364
94982673664624
9833369466448694492693224468546454944748934
944926939664849687447464936
3754386678264862436494363364547449358
2489854664265249843474847464
78264865244664
64263894343874622674269426468
743484882684
54546484
6462263347493326934
74392474348498944
226744944626
743674642436454743484882684226744944626
7434848826842265424264364
9426424364439486
9489426226744944626
324843394643264936926424854
3846464286744926433743484989447843242248
7468542674348488268433943647484394694264
9464589464744632436498
336428674348488268433943647484394694264
7843426744
248264946944486
926548968
926542986968248248264466474
9436428744826363324826493636494264243649436
33486736242686649249466448624826422654269266238466474
2485426844664942674264589689834643898
482652474354269426942
5424364248264946
74364824948664
9426448264265426
9426448264265426
4869898262426498484
545374264
88494264436432326934
4364426236424
436474362436438
62439368493633984386
325824868
926474748264248264
94262426746
5453742642436482636968
3274424264
5464342674865426
634946894482
732424267426
94942649264
73646649446364
94664486944926
326448263842443
386943644394
54269436432647826
94644249364
732424267426
379346293494693426
48698982653483826
93426934946
726435426543
946442493649482684
93426934946
726435426543
46644664934524744
28636328464
486989826982436428636
924542628
32942642443934
54269828
535428
466493439469448228
46642628
542624228
6469436428
2249436428
736549498267434842269426428
4868894982628
482654642264828
94832642436494264542674328
5426866498674828
74845428
66649328
742649828
93648228
7366469469464
4869898269447488374354468
48694934
48698982694474854468
42448269664748
748498966458
466474264966458
8498966458
26782654264826966458
74474692674654264826966458
86645458
5469358
9447442426782658
5896858
9664542658
48698982622674454468
426426226
48698982694474874493326934
34943658
749426458
9465426484
943645426484
2265426484
947265398354546484
486989826289344826543348654258
946326458
5426474458
6364982658
92622658
424926458
234843494658
8435858
64696644264566458
9689436458
9369858
946649492658
3428524744
3428543748
946944265426768786
744287449269426
744542648658
94434647445426
744542692694364
782489826
78322674354267426433267826
7826486744746
4664986942624264484
94664926474939494642482649462482649432724743664
3292642674847464
9437866462264269426542624364
6293494264786924339839426
74424826422698
6426336462264269426
482644353549839826
5466426524
934942649464329466424826493926946642482649463354647436
983982654264734926442678944946496649464
7362243464934326494264